Time: 20190418_141945
Machine: cori-knl
Resolution: EC60to30
Horizontal cells: 235160
Run duration: ['06', '00', '00']
Run time in sec: 21600
Format: #Procs|Sample Runs|Average|SYPD
2048    4.48684         4.37842         4.64182         4.50236          13.1437917429
1024    6.17767         6.18510         6.18473         6.1825           9.57186933955
512     10.27576        10.33506        10.26048        10.2904333333    5.75078621812
256     18.38151        18.52107        18.47884        18.4604733333    3.20566440108
128     35.02049        34.88464        34.76215        34.8890933333    1.69617712981
64      69.97132        69.67491        69.40287        69.6830333333    0.849246643852
32      181.12616       143.42298       141.61749       155.388876667    0.380838599656
16      306.51227       305.74026       306.75239       306.334973333    0.193180953346
8       610.92931       608.14591       611.28831       610.121176667    0.0969939816138
4       1289.14225      1291.57002      1290.23016      1290.31414333    0.045863313595
2       2642.96706      2639.11195      2634.94700      2639.00867       0.0224243606565
