Time: 20190310_114812
Machine: grizzly
Resolution: EC60to30
Horizontal cells: 235160
Run duration: ['06', '00', '00']
Run time in sec: 21600
Format: #Procs|Sample Runs|Average|SYPD
4096    0.70481         0.71109         0.70973         0.708543333333   83.52076634943167
2048    1.06323         1.10235         1.11754         1.09437333333    54.07485762790957
1024    1.80726         1.83558         1.82802         1.82362          32.4508846096121
512     3.33109         3.35653         3.34746         3.34502666667    17.691363354885308
256     6.70397         6.71031         6.68311         6.69913          8.833696642964208
128     14.50484        14.48262        14.54406        14.5105066667    4.07829192675428
64      31.02416        31.27915        31.10805        31.13712         1.9005637705664755
32      61.79673        61.71434        61.75741        61.75616         0.9582539165612115
16      117.74810       117.14343       117.27925       117.39026        0.5041140737892634
8       176.67007       176.69960       176.27747       176.549046667    0.33519343949509944
4       306.67862       307.58227       306.18743       306.816106667    0.19287801685089986
2       563.94502       564.10704       567.96926       565.34044        0.10467689555656204
