Time: 20190417_150456
Machine: cori-haswell
Resolution: EC60to30
Horizontal cells: 235160
Run duration: ['06', '00', '00']
Run time in sec: 21600
Format: #Procs|Sample Runs|Average|SYPD
2048    2.35405         1.91874         1.99232         2.08837          28.3369719886
1024    3.94118         3.58065         2.84808         3.45663666667    17.1201337886
512     4.54761         4.48560         4.47744         4.50355          13.1403186801
256     8.94535         8.94887         8.94673         8.94698333333    6.61430562537
128     20.57227        20.51060        20.70978        20.59755         2.87306413587
64      41.34465        41.22036        41.39670        41.32057         1.43217003521
32      60.22872        60.25037        60.30352        60.26087         0.982031659878
16      121.44316       120.24655       120.16995       120.619886667    0.490616297421
8       183.26543       182.39323       182.00813       182.555596667    0.324164710764
4       329.06756       328.12458       328.87349       328.688543333    0.18004303281
2       630.30213       631.37977       631.15370       630.9452         0.0937927449036
