Time: 20190403_082152
Machine: badger
Resolution: EC60to30
Horizontal cells: 235160
Run duration: ['06', '00', '00']
Run time in sec: 21600
Format: #Procs|Sample Runs|Average|SYPD
2048    1.18018         1.43267         1.11101         1.24128666667    47.6747908287
1024    1.89678         1.86740         1.86965         1.87794333333    31.5121767209
512     3.35762         3.39375         3.40014         3.38383666667    17.4884570448
256     6.80380         6.70220         6.72351         6.74317          8.77600330287
128     14.46213        14.40516        14.42301        14.4301          4.10101677686
64      31.14755        31.16128        31.15650        31.15511         1.89946632163
32      61.89956        62.04634        61.97869        61.9748633333    0.954872330633
16      117.56274       117.56277       117.46535       117.530286667    0.503513467636
8       176.50188       176.58747       176.64157       176.576973333    0.33514042672
4       305.50269       304.51953       305.85168       305.2913         0.193841364598
2       561.59293       566.43534       566.87482       564.967696667    0.104745957231
